011001001
100001110
011111011
100111011
011111001
100111011
101000000
101010000
101011000
101100000
101101000
101110000
011001001
000010001
000101001
101101001
100101001
101001001
100001001
101010001
010100010
101010001
010100010
101010001
010100010
101010001
010100010
101010001
010100010
101010001
010100010
101010001
010100010
100100111
101100111
010101100
011111001
001101111
101111001
100111001
101101000
000010001
011001001
000011001
101001001
100001001
101100000
101010011
010100010
101010010
010100010
101010010
010100010
101011001
010100011
101011010
010100011
101011010
010100011
101011010
010100011
100100111
101100110
010110100
000010001
011001001
000011001
101001001
100001001
101100000
101010011
010100010
101010011
010100010
101010001
010100010
101011010
010100011
101011001
010100011
101011011
010100011
101011001
010100011
100100111
101100101
010110100
000010001
011001001
000011001
101001001
100001001
101100000
101010101
010100010
101010001
010100010
101010001
010100010
101011100
010100011
101011001
010100011
101011001
010100011
101011001
010100011
100100111
101100011
010110100
000010001
101010011
100010111
101010100
010110010
000010001
101010101
100010101
010110010
001110111
000010111
011111001
000011111
101111001
100111001
101010001
101100000
010100010
101010001
010100010
101010001
010100010
101010001
010100010
101010001
010100010
101010001
010100010
101010001
010100010
010100011
101011001
010100011
101011001
010100011
101011001
010100011
101011001
010100011
101011001
010100011
101011001
010100011
101011001
010100011
100100111
101100111
010110100
001110111
011001010
011111010
011000001
100000011
011000011
100000011
011000110
010000001
101010000
011010001
100010011
011010100
110000010
101000000
101001000
101010000
101011000
101100000
101101000
101110000
101111000
011001001
100001110
011110001
100110011
011110011
100110011
011110110
011111011
100111011
011111001
100111011
101000000
101010000
101011000
101100000
101101000
000010001
011001001
000011001
101001001
100001001
101010001
010100010
101010001
010100010
101010001
010100010
101010001
010100010
101010001
010100010
101010001
010100010
101010001
010100010
010100011
101011001
010100011
101011001
010100011
101011001
010100011
101011001
010100011
101011001
010100011
101011001
010100011
101011001
010100011
100100111
101100111
000101001
100101111
101101111
010100101
011000001
100000011
011000101
110100000
000010001
000011111
010010011
101000000
011000001
100000011
011000110
110010000
011001001
000010001
101001001
100001001
011111001
000011111
101111001
100111001
010010011
101000000
011000001
100000011
011000111
110010000
011001001
000011001
101001001
100001001
101011101
011110001
001011110
101110001
100110001
000010001
011001001
000011001
101001001
100001001
101011001
100011100
101100000
010100011
101010101
100010001
010100010
000010001
100010100
101010111
010100010
001100110
101000000
011000010
100000011
101100000
011100001
110100000
101100000
001100110
011100001
100100111
011110001
001100110
101110001
100110001
101000000
011000010
100000011
011000001
101100000
011100001
110100000
011001001
000010001
101001001
100001001
011111001
000011111
101111001
100111001
010010011
100010111
101010100
101101000
010101010
000010001
000011111
010010011
100010011
101010111
100010010
010101010
000010001
000011111
010010011
100010101
101010110
010101010
101000000
011000011
100000011
011000111
100000011
011000111
001101000
101101011
101100000
011100010
100100011
011100010
110101100
000101000
101100000
011100001
111100101
000010001
010010100
101000000
011000011
100000011
011000111
100000011
011000110
001010000
011000001
011001001
000011001
101001001
100001001
001011000
101000000
011000010
100000011
011000011
101100000
011100001
110100000
000010001
101000000
011000011
100000011
011000111
100000011
011000110
001010000
011000001
000101000
100101101
101101101
101100000
011100001
111100101
011001001
000011001
101001001
100001001
010011100
001011000
101000000
011000011
100000011
011000111
100000011
011000110
011000001
000011000
101000001
100000001
101011101
011110001
001011110
101110001
100110001
000010000
011000001
000011000
101000001
100000001
101011001
100011100
101100000
010100011
101010101
100010001
010100010
000010000
100010100
101010111
010100010
001100110
011001010
011110010
011111010
101000000
011000001
100000011
011000011
100000011
011000110
010000001
101100000
011100010
100100011
011100100
110000100