011101011
100101110
011101001
001010101
011000010
100000011
011000100
100000011
011001010
100001110
101010000
101011000
101100000
101101000
101111000
011111001
000010000
000011001
010010011
101010011
011100001
110010100
011110001
101111001
000010000
101010001
010010011
100010001
101010011
101100000
011100010
110010100
011110001
101111001
000010000
101010010
010010011
100010010
101010011
101100000
011100011
110010100
011110001
101111001
000010000
101010011
010010011
100010011
101010011
101100000
011100100
110010100
011110001
101111001
101100000
011100101
110111100
011101011
100101110
011101001
000111101
011111001
001111101
011001001
101010000
011010010
100010011
011010100
100010011
010010001
101100000
011100110
110010100
101000000
011000011
100000110
001110000
101000000
101001000
101010000
101011000
101100000
101101000
101110000
101111000
011000010
100000011
011000100
100000011
011001010
100001110
011010011
100010110
000111010
101010000
101011000
101100000
101101000
101110000
000010000
000011001
011001001
000100001
100011100
101100100
010011100
010010011
101010011
101100000
011100111
110010100
011111001
000010000
101010001
010010011
100010001
101010011
101100000
011100001
100100011
110010100
011111001
000010000
101010010
010010011
100010010
101010011
101100000
011100001
100100011
011100001
110010100
011111001
000010000
101010011
010010011
100010011
101010011
101100000
011100001
100100011
011100010
110010100
011111001
101010000
011010010
100010011
011010011
100010011
011010111
010010001
101100000
011100001
100100011
011100011
110010100
101000000
011000011
100000110
011000010
001111000