011111011
100111011
011111110
101000000
101010000
101011000
101100000
101101000
101110000
100001001
000010001
011001001
000011001
101001001
101010100
010100010
101010001
010100010
101010001
010100010
101010001
010100010
010100011
101011001
010100011
101011001
010100011
100100111
101100111
010101100
100001001
000010001
011001001
000011001
101001001
101010100
100010001
010101010
100011101
010101011
011111001
001101111
101111001
100111001
100001001
000010001
011001001
000011001
101001001
101100000
010100010
101010001
010100010
101010010
010100010
101010001
010100010
101010010
010100010
010100011
101011010
010100011
100100111
101100110
010110100
100001001
000010001
011001001
000011001
101001001
101100000
010100010
101010010
010100010
101010001
010100010
101010010
010100010
101010001
010100010
101011001
010100011
101011001
010100011
100100111
101100101
010110100
100001001
000010001
011001001
000011001
101001001
101100000
101010001
010100010
101010001
010100010
101010001
010100010
101010100
010100010
010100011
101011001
010100011
101011001
010100011
100100111
101100011
010110100
100001001
000010001
101001001
100010111
101010100
010110010
100001001
000010001
101001001
101010001
100010101
010110010
001110111
000010111
011111001
000011111
101111001
100111001
101010001
101100000
010100010
101010001
010100010
101010001
010100010
101010001
010100010
101010001
010100010
101010001
010100010
101010001
010100010
010100011
101011001
010100011
101011001
010100011
101011001
010100011
101011001
010100011
101011001
010100011
101011001
010100011
101011001
010100011
100100111
101100111
010110100
001110111
011001001
011111010
011000001
100000011
011000111
010000001
101010000
110000010
